9428
9202
5654
353
2759
6551
5256
6252
7872
4374
5494
4963
8372
4120
8032
4388
6012
5695
5691
9940
1228
985
7986
7240
2232
1230
338
7738
8790
9932
2965
8108
2595
8403
6494
3113
3696
3192
7132
2290
9677
7059
364
1121
1492
6437
1588
267
4253
3118
6904
1543
3913
9197
7533
3268
826
1234
1319
8626
5121
7349
5883
7190
4620
2231
9313
4170
1378
3045
4724
1516
6551
4601
8977
7830
1098
1259
3631
9568
645
492
3666
5033
1071
9369
9031
8110
9240
5417
7072
7474
6345
2153
8528
7581
6371
5278
6883
8687
141
84
7487
7340
590
9810
1564
707
157
1248
8288
9444
8267
5326
8437
4062
4881
8538
7636
3708
8447
7915
7255
9537
2617
4758
8819
3918
9236
7797
6959
2963
3665
2656
3649
8483
2888
6959
4485
7935
1343
2425
248
5751
9224
6806
3318
5990
7583
294
3875
1600
5170
8275
6212
1768
1180
2998
7872
6746
7357
5486
8035
3077
8416
7502
9324
5261
9972
2619
6282
6051
6845
1421
6165
3441
1275
7826
7378
441
2842
1335
1991
9266
8181
6670
2090
6455
8587
7121
3428
9439
5164
7856
7009
2951
1605
4063
119
9867
7993
4363
661
3910
7213
3960
8800
2754
8706
8509
7227
3773
6733
7585
6019
7234
504
9186
357
7283
1065
3776
4937
5476
9810
8261
4965
9632
2933
5206
9857
9870
4035
4900
7802
4516
9182
5652
1347
8923
6525
6598
3247
185
27
9804
8615
3638
7440
6750
6766
2230
678
2819
7556
4884
8606
4578
4434
4282
3391
7480
3005
24
1254
3062
4822
499
6187
4097
5878
9576
1553
5310
4770
3389
2124
790
8125
8540
4624
4443
9091
883
4111
2688
9465
1584
9780
8013
3026
9171
9073
8709
1506
6202
3617
1014
2148
7851
425
961
6307
9321
1632
7021
2857
4238
7464
2538
4223
3539
7315
6666
190
8624
2190
5231
230
9354
4271
9185
150
2710
855
1477
2161
7065
3158
2249
6311
1765
4574
9825
5694
454
3438
592
3363
59
6600
8678
4518
2925
1732
3085
9725
4906
1271
8639
3510
1248
9926
435
4053
6712
7807
6874
9294
8695
9052
3438
7521
1417
7481
5616
2527
6192
9690
6770
6660
9881
1747
49
2767
3438
6399
5833
5169
4888
5770
3133
5036
1418
1262
5086
9614
3200
6627
9924
1586
270
4347
5890
657
6170
5088
4024
6083
4547
3384
5222
9400
4853
2967
96
6899
7243
9963
6079
9676
1374
8825
3611
4299
1773
8574
708
4942
5189
8453
7430
981
2442
2175
4320
8206
2645
812
2581
8151
4786
4957
2475
8960
1517
7408
8291
494
7586
9630
6901
3220
2056
6359
9926
7276
1903
7779
2407
6441
3422
694
5752
3975
3801
6763
2283
1299
543
262
5268
7131
5471
7984
9260
6797
2607
1018
4986
2401
1587
3808
8163
7263
3492
9051
124
5069
7324
1666
9668
7846
9900
8715
9425
1622
8934
1030
9621
5002
1723
5181
5231
3200
6903
1683
6921
2205
9495
8664
8539
1529
9493
5762
306
8566
7801
2639
2284
605
894
8325
3723
314
6807
4303
8719
9994
552
2268
8527
840
5573
2362
1502
4453
6193
6588
6630
9095
6551
1257
706
6402
9802
9189
4320
693
8174
3224
8974
4417
6588
5466
6987
3904
7009
7622
7240
3723
9622
1564
7329
1156
100
6340
9322
4766
8725
6611
9973
7259
6177
8879
1477
4048
6391
3679
3694
8662
3292
4642
3403
3624
8986
4527
1087
530
1001
1201
7435
5053
1790
6308
4404
8289
5659
4970
5727
3841
9652
2045
9322
9034
6987
8786
9302
3561
1281
8156
1861
8706
3040
503
9155
5935
384
1317
7257
2718
414
8867
7284
4910
143
4385
6926
9805
2671
3229
2856
9103
7364
7460
4893
4077
3471
7970
8665
7364
5375
8382
1541
5048
3475
7245
1461
4588
6308
4944
1164
3058
2613
3097
2401
7257
5522
7205
9445
7099
5
3067
4240
2434
7238
7666
2447
4421
4371
46
5035
7721
9418
8954
6278
8014
9466
1191
8334
576
6727
597
3500
7505
2579
3717
6292
6244
9788
6668
3812
350
7315
8092
2438
1444
892
68
2248
5466
2182
8543
4742
9535
6566
5125
2981
3009
4737
6507
8831
9354
6707
1421
6584
6917
7828
5923
1098
3693
8152
8855
5537
2573
3924
1073
1832
5122
5306
4905
3041
558
8975
493
1918
5578
4765
6895
9048
6592
7500
4081
8305
638
8269
7371
7453
8330
6940
7062
8418
4005
8472
3239
7639
2632
8259
2827
3711
935
3130
8199
1423
6497
5819
9709
6279
9529
6748
7160
4204
1673
5269
2510
2580
4048
1388
7677
9201
6603
4043
6903
7973
6200
960
729
6294
7648
2243
5718
607
6996
8881
6316
4863
8041
3960
292
1584
3433
1896
3068
1716
6870
7800
6038
3820
4174
4763
9247
8812
9116
5739
6719
3465
8600
1172
7562
8862
1819
6874
4978
2250
5463
7913
33
9758
883
3745
8689
7096
3617
6041
1521
5924
3119
9091
5438
8284
3155
915
1839
7601
2166
1550
6104
4912
6623
5899
6225
5133
3448
1618
5185
5464
8529
5850
8517
9545
8948
7540
5373
3927
368
8654
2571
8845
1827
7661
3493
6824
4414
4008
4898
7212
6329
6926
2368
3952
1033
7232
8911
1129
6545
7326
9146
7028
891
7155
2208
4278
2186
599
7113
3441
6343
1441
3887
9579
6781
9912
5869
1081
54
4312
1294
4834
8713
8998
8874
8305
5076
3530
7614
8450
831
2395
8277
4691
7815
596
2645
686
4212
247
9661
3428
1922
2070
988
7746
9616
9838
6080
5221
6197
4019
2348
3484
4317
6405
6423
7371
3486
4892
7136
2708
8832
2140
4647
2139
1389
3323
4765
6135
7764
3064
2245
8670
1879
5214
6789
6527
7454
8437
4339
3498
5051
9948
6923
8470
5194
736
3033
1435
6095
3181
2687
6318
49
8488
5296
9941
6698
5124
815
4764
3233
5097
7333
5584
3892
4320
9647
6432
668
5395
1305
8450
5235
8630
6808
6840
8463
8115
9466
7469
6269
9588
1592
6076
143
7880
6388
9169
6039
8743
9283
1890
8926
7193
5788
3151
584
5529
5798
4647
1647
1872
684
2088
418
8240
8344
4454
1091
447
7569
7272
1534
7252
8852
4277
3598
6017
9465
5522
395
4710
1363
6794
7459
5154
9261
2562
2341
5422
7438
7825
5495
1478
9179
7970
6661
2692
3412
7000
4629
4496
85
7419
2656
1698
2432
386
895
3237
8158
5378
5301
1606
9785
7521
3069
4421
7977
6834
2692
1286
2140
3860
9247
659
2318
1172
9726
1067
2684
1415
7939
2397
7117
3649
86
1665
3955
1376
5383
8394
3383
1791
2152
7770
1607
670
3873
9368
3822
1230
2051
4764
3611
1873
6895
3531
5907
2872
9054
462
7417
3727
1329
1734
8735
6456
744
3290
3988
2018
9771
7535
6396
1755
7843
3718
8289
3391
7667
7086
4427
3897
7669
5392
4595
4717
4985
6639
6326
2552
7294
9754
7644
6276
1045
9617
6898
3444
7027
1511
916
1133
6301
8814
4384
1347
4201
5645
5431
6007
7709
3947
4742
2070
1451
6384
3286
7059
5053
9955
3588
4701
9988
303
2416
3243
7545
6315
6901
6926
2310
1556
8288
6691
1531
6685
8189
1924
3387
5922
6821
3763
7323
772
6362
3897
5685
7400
7739
2237
6158
9961
3773
2045
8637
9371
1778
4638
7202
8223
2605
5756
6028
8915
5022
9928
758
3873
3621
1762
5948
9237
7217
8221
4210
2086
6562
7447
925
4088
1889
9076
2230
7195
9828
3470
2040
2403
7841
8248
3059
7900
9524
5809
2461
4272
7416
1765
6126
8207
9026
29
8822
7007
970
9248
6266
9930
1116
2048
1853
601
4452
1219
6309
593
5034
7795
9234
1613
6453
8957
3051
8173
3485
4340
7720
358
8182
980
9051
1018
8744
6045
9231
2561
3988
4882
3414
1362
7647
5179
2703
6794
4714
8595
9834
7645
6912
226
3815
2122
1712
5660
2846
8286
2675
130
2163
3657
2470
6835
9179
4524
8007
4709
7342
9775
4299
9287
7161
3882
9257
1822
1354
3611
5067
3530
1323
1815
3786
9715
1301
339
547
6365
3858
8309
527
2933
5344
1721
4579
7000
9240
7355
9535
2909
8242
283
1078
7369
89
6036
4461
2848
9198
9061
9011
9381
1790
9083
4631
7437
2398
392
9509
2966
8010
6506
4296
2356
5760
727
1852
8657
197
7554
7200
7465
5876
7494
9063
7509
2722
2715
7935
2224
6261
9459
6767
2687
3381
2367
2335
5199
8240
3498
5214
1687
6029
5820
5510
4720
5633
2320
4927
9966
5039
6324
2392
1875
8787
1488
4133
7892
965
1890
5163
6821
8952
6514
3671
515
7405
6756
3616
9453
968
8398
5669
5543
1366
7058
3871
6317
3616
2198
9612
1201
4123
2816
4748
5924
1314
508
1657
966
9698
6546
3663
3698
5987
3266
9726
4023
7972
334
8452
3069
4803
6466
9789
7320
1296
8413
1086
7683
3822
7175
9758
8734
4496
7251
4401
8293
1712
1417
1548
4115
3020
9175
889
1802
44
7307
6131
4401
1952
2100
2196
4615
5063
4998
7675
3741
6144
4395
1280
830
5290
901
5532
2969
6702
3460
5616
3652
2217
8171
7054
4018
3658
1067
7948
6725
1263
2687
3778
5665
9758
8818
6792
2533
2249
6776
2646
4704
6416
5009
509
2948
1580
2761
2538
2550
294
6606
9915
2419
3221
8205
2489
9527
2832
612
3828
7969
7744
3367
3149
4991
8223
9950
445
7684
242
7392
6170
2463
3858
9886
9968
2348
1952
6851
9112
7583
253
6635
7877
9492
7453
6441
5877
7039
5429
581
7479
3683
2220
5459
3984
6084
3522
3069
334
2106
989
1812
618
3555
3613
1892
9710
6085
2099
5268
5134
9058
4490
3991
2236
3502
9276
1994
6889
7442
2716
7812
9045
8524
2905
1870
495
141
779
5779
4828
8695
2974
2458
2746
8567
8971
8341
9915
3200
2447
9741
4500
8422
1089
9419
782
3564
7206
6877
7632
4936
18
8306
6647
7208
9672
7032
5367
9401
8085
2839
1614
2506
1756
5391
7062
5802
5773
6443
6805
7383
58
5771
5276
1570
4723
9675
8169
6759
7891
8178
2452
1696
5649
2451
8592
2225
9138
829
687
494
1671
5229
6659
9904
8942
9979
575
1733
6132
5756
5268
5589
3680
5191
9726
6904
8566
1787
6911
5383
8987
5988
7414
6247
874
4133
9914
3414
7877
7916
1733
1942
7166
2767
7975
3603
4092
5606
2102
4849
815
5189
7484
9270
3719
163
4583
1489
7452
4128
5938
2822
7648
417
7180
6313
5656
8920
6832
7233
2187
5198
1508
8639
9847
9533
6114
5942
9416
8794
5275
2617
9483
1828
2933
6394
5786
296
2294
2116
7344
1720
5697
482
4995
5706
3916
5316
7802
4822
9311
1659
5844
269
3643
4160
963
9220
7593
4822
7993
8147
3284
6241
5146
5711
1256
7218
5276
1216
4659
3029
2679
3360
1376
2285
9855
7890
3449
5433
7998
179
6821
4430
1489
7812
423
5458
9794
2447
8820
6831
5754
2724
6340
9850
7670
8776
3068
7439
4257
5336
4865
3432
368
5914
7181
6400
7983
5463
7305
3070
4575
6036
2766
2783
7487
2302
1461
8701
8399
7995
9505
4874
1839
2434
1131
5396
5727
4516
907
130
1354
8528
7868
9970
8122
6423
3725
3502
9259
3828
5414
538
7588
1028
7941
2856
547
5699
8955
2362
3425
5739
3681
3881
4867
598
7460
2404
6844
91
1054
9357
6362
1904
3129
9736
5773
8423
4231
7310
1393
246
5296
7114
4460
8678
2924
6962
7283
238
3351
2723
1031
6625
6237
7448
5406
3166
227
6627
7525
6492
2863
5565
2602
6349
3177
3505
2454
8353
8624
4239
9334
8744
4416
6321
2859
6257
9258
1436
2404
636
8086
2667
4167
6750
6291
3412
6417
8584
8477
539
6423
7
7714
3728
6100
9718
8132
2597
8687
1681
1159
9458
9637
1826
6525
702
8004
8997
5211
147
4798
5626
7260
9487
2836
4087
4773
5032
8709
8820
387
4204
4653
6896
1314
4400
4091
810
7978
7793
7704
356
1657
4367
146
8985
238
3694
2226
4476
6159
8776
2649
1227
5724
2138
5570
2643
7128
413
57
4697
6529
3976
5308
5661
9608
3733
6160
4865
7841
9624
3440
1990
3791
5497
833
692
5971
4087
690
3297
5046
1837
3277
2211
1382
3298
1351
3115
2816
3803
5866
8403
7800
4090
3179
6589
1584
3855
5050
9707
1769
6033
3071
7173
2990
9389
245
6275
810
1797
3139
1321
4578
805
4547
1379
1333
8565
444
5122
1887
5332
8535
520
6327
269
3489
3311
4577
5345
4621
3363
3295
7608
1540
6288
5539
8963
2017
8952
5785
4455
2659
1311
91
7999
4820
5242
1138
9249
9717
2640
2119
336
1200
6404
6949
4185
4963
1010
4203
2507
3862
4255
3245
8227
7511
2793
1494
3805
5530
9191
1442
4190
5033
6547
1725
9873
9167
7282
6241
9192
9232
4904
9404
7994
4610
4089
6520
2641
5196
3828
2155
729
7903
6782
6528
1955
8438
6560
3994
3851
2174
8976
2821
5488
8139
8609
8480
9529
8376
6012
7997
6452
1566
7090
5948
696
5523
1982
8174
3876
3210
9738
4320
1541
4428
5478
5255
1408
4809
2322
9059
1744
6516
9419
1536
8306
578
9594
7454
9941
9220
6991
9332
9190
1142
3346
2455
6962
8417
5399
147
3230
5493
572
5446
7455
4051
6886
5305
6291
925
3007
4688
3922
556
6870
9762
1827
1606
2110
6725
1389
3366
9290
8529
1895
169
8420
2161
4745
4350
5780
9635
1633
9817
3513
4880
6509
9607
36
3553
5401
314
2332
7635
1862
4187
9837
8618
5258
9214
8149
1879
5589
7247
9476
8770
5880
5921
673
8721
1311
5481
8629
5468
2031
2725
8084
3152
2864
8804
2499
8653
252
6067
4367
1564
7578
175
8016
9672
3394
5490
1349
2299
874
4268
2619
7066
6266
3506
304
8071
6810
9350
5491
1754
3550
4818
8872
5217
6800
7314
9834
7998
7769
9587
5953
5866
314
9580
8
9060
2349
1068
3554
4329
4686
8842
8146
4228
9683
7879
5210
9170
9148
6815
6276
279
1289
4477
9063
6028
3705
3737
7638
9228
6927
3877
3893
2855
4898
7657
6054
4755
1636
6623
8105
6974
3957
2617
215
3646
9695
1197
6860
9655
5295
5189
9625
2939
7684
8475
127
1107
9615
348
3776
2121
6091
9861
8984
975
1484
1447
4185
2207
606
275
6837
4382
3390
3869
6727
8640
5847
158
1727
784
323
247
1215
7352
86
9668
3182
2909
6879
3335
7967
5475
7318
1070
9437
4577
3882
9834
6878
4098
6135
7952
2762
7999
3975
4195
4947
73
6215
9805
4692
9492
7359
7429
5147
5232
3985
9440
965
4953
5367
1720
7574
2129
6501
1543
4068
3011
5774
6210
9406
8915
7951
3199
4300
7653
3334
351
5163
3071
8186
5783
2249
582
5289
9940
2087
1273
9487
9912
8007
4946
3542
4833
1243
258
9734
5162
2962
7163
3725
6681
8462
8131
3189
4702
6110
6
2063
4248
5017
2642
1424
1363
8397
1986
1319
2296
7713
1857
6906
7511
8202
9060
9497
2978
3654
5854
8974
1047
6654
969
2334
6070
5532
4641
5422
6350
9527
6033
4798
9981
6328
2093
5015
3915
4163
6169
458
6769
8906
5338
2671
2450
8497
6336
4198
7848
114
5356
2978
1009
4160
7871
5365
6065
3306
3924
4594
5170
2400
9301
6484
7145
5173
9195
106
1492
9628
6157
5231
2102
3620
2043
3057
3707
2225
7704
8048
4708
3917
3796
1257
8634
1057
91
2647
2469
9872
3512
7972
6470
8118
6461
2057
6246
3732
9166
6365
8022
1019
7915
8570
880
8290
6603
1125
3539
6596
9671
1097
1681
4482
7211
2956
3610
1760
8483
3243
3370
9627
1306
6907
8655
8066
8698
246
2889
2905
1586
1868
3819
2895
1306
4189
1248
974
6703
397
1143
6383
7189
5743
3068
7171
2541
7418
5366
5180
1744
6749
6965
7404
3886
5716
7852
3483
9656
5985
9588
168
6075
8011
3207
3420
6274
852
985
3201
5606
4207
388
3359
7795
9605
3975
6238
9661
4553
6960
3068
4564
4672
6280
7765
4095
5346
3438
9243
432
2596
3701
5536
2384
2697
4320
6410
3232
1788
2619
2286
8481
3810
3963
4929
7281
2713
7692
1438
6906
6571
644
3932
9611
5269
6975
7520
6072
2
9264
3746
926
8318
9202
6228
9348
7546
3451
218
5179
2528
7069
9155
3209
656
7087
9414
4420
5500
2978
9561
4462
3886
3884
7950
5799
9433
7824
6111
9462
3333
3647
884
1351
1266
2644
188
8125
4668
8022
5460
9300
6058
6064
6005
661
6727
69
8555
2830
9834
3246
2671
2000
5824
9683
5704
5032
1529
128
4682
1918
7845
8200
635
567
4744
9778
2204
1797
9454
4705
8925
3661
3617
3318
8693
5161
9183
7112
5371
1742
9986
8175
6242
3141
4823
7554
9882
5932
8826
8083
8163
2655
190
6460
2266
8428
2405
5988
697
4487
3268
212
1314
8497
2608
5845
5691
4743
7269
5740
7685
7213
9067
5384
2061
6340
1506
303
3150
5004
4278
4909
6880
4362
5755
1917
69
1159
4358
7471
3683
2136
3484
8523
3697
8245
9038
91
5827
5279
2635
3497
9034
6988
1633
8234
6792
5012
4200
2815
1868
4696
4448
6721
9425
394
1085
3344
5626
1111
8933
1848
8491
6879
5303
7100
4164
241
4736
2886
9399
3964
5681
9141
7426
3939
9563
2137
333
5832
1754
6438
2775
6394
8463
5759
1887
3887
2850
1280
2461
3594
1133
8636
9532
4857
9788
8251
9785
3686
281
747
7244
8359
225
643
1288
3583
9516
3380
7697
6233
2904
3136
2157
4040
2711
3114
94
4448
2904
6296
4608
3755
130
1690
9109
6038
4838
3683
6011
3925
10
3517
8448
6114
7208
5575
945
8207
2591
5690
7983
4523
3212
2024
7163
4195
334
5161
1834
2571
9385
3844
2513
6718
6462
7885
7218
4270
5360
2311
1791
5214
7388
1823
8921
4787
5737
7214
7000
9153
5898
1515
8607
5655
8007
8030
7673
5474
5580
4508
1190
3671
390
2382
8731
8909
5636
3320
241
2519
6402
5671
3203
2818
5444
3861
7835
394
1478
5065
12
3961
9892
5819
5632
1365
7695
7632
9945
5344
4974
637
4858
7342
9001
7821
3570
9349
6896
9480
9490
3829
477
5900
9013
1442
9290
553
8032
14
8697
8084
8196
2872
5809
613
501
2043
3451
8363
940
1410
5764
805
5511
7997
6229
505
4932
696
3890
8061
8992
9899
1028
4466
4293
4182
294
536
8492
4705
599
3818
2279
6051
5939
7042
8654
8489
6541
5478
4150
1153
8917
6923
173
8699
8743
8822
1777
6764
198
5766
9972
8955
9571
3859
2772
8946
5037
7953
1153
9040
6030
1811
4837
8796
8023
1152
2743
1844
9833
934
7997
2858
6641
3481
5352
329
3481
124
1064
6986
2406
7912
9475
1251
3526
5909
9727
7439
372
7970
2287
9469
6660
7699
2771
3895
3823
2475
9410
5436
667
2998
7268
2684
372
2084
7928
695
4119
359
4049
3171
84
3352
5272
3139
9670
1207
727
7240
723
1026
5960
5785
4919
5897
2932
2582
8124
6642
955
7510
9097
9297
2216
957
1544
1056
6846
6871
6118
7593
7034
1295
6134
8162
8426
3100
6024
1407
247
2252
7012
9626
79
4845
1826
3763
9541
1496
5745
7268
1166
8584
2420
9194
9450
1425
3534
2304
67
5457
9927
8441
8252
6131
8533
4385
7215
9973
8479
6905
219
8959
223
1531
3529
3731
9703
225
5269
1903
8593
5997
8517
8735
4985
6981
6706
3532
2270
4353
2347
8564
7480
8051
6405
9048
8865
4037
1707
8519
5336
781
6266
922
1823
6023
2063
2126
8852
6844
3361
29
4853
5038
7860
3334
9129
8162
6610
5534
544
2258
633
2376
3558
1817
4108
9235
8631
7572
2758
5529
3029
9797
6359
1395
3742
3501
6420
6056
638
4524
4613
3980
3060
2786
8136
2476
4699
4329
9089
8197
3735
6162
9144
8598
6621
6750
2485
9566
6816
2208
9974
2799
2511
8755
34
1485
5957
7910
381
2862
345
7928
2111
6130
1508
9860
9580
2438
9313
9795
8675
8613
2016
2709
5689
1417
6834
8479
5225
1653
3845
9130
6882
737
1431
6543
5772
2222
413
9304
8139
5953
7702
2384
7772
9939
4944
1668
4137
4993
2290
316
4986
6776
1196
8764
2730
9244
4039
2550
8136
3569
2436
2410
5915
2138
9440
5509
7671
222
2819
9198
4572
7412
3404
7320
5128
8630
8155
2155
6430
6791
3843
1840
4239
5146
7587
859
1525
6439
3777
2883
808
7686
8412
3505
1453
6716
6004
6682
947
9053
2830
712
7635
4327
7060
9292
2571
9734
5255
1378
9479
191
6728
218
3759
6099
8825
2293
9315
8789
4819
9453
7814
2521
3563
3573
3898
4010
8145
7707
3730
3019
3665
7573
1867
8403
346
7095
4664
2127
4411
3270
6660
2688
2462
9990
9612
4438
439
9840
8136
5844
4255
8952
3957
4339
8616
5302
5680
5948
7667
784
7826
3933
1821
6116
5570
2531
5076
3761
6794
7407
5896
5865
1136
5792
3510
8442
2681
8523
2991
1443
770
1108
2446
5460
8810
7708
4462
1344
8392
1502
3749
9101
6243
9597
7362
4632
2105
1995
4632
7749
6189
1166
6387
7869
3762
7113
3396
7138
9911
7320
6209
8162
3751
1155
7211
1565
2105
1638
4012
7924
5161
3326
9104
1824
5918
1372
622
8027
5350
7436
1141
4406
3173
8647
2200
5086
364
6016
292
1907
3275
758
278
5775
7158
5864
37
4090
6087
2050
8873
5233
7359
7759
9786
8487
9194
430
6226
2412
318
6184
8540
4366
5662
4832
8007
3665
2149
3491
754
43
9166
7681
1458
8663
2044
7160
9225
5658
6819
1500
9849
9592
5817
8804
9727
8833
5305
6776
2357
8502
6794
9674
6990
3984
1040
6908
6465
3988
6995
5150
5594
5407
6828
5614
6969
7462
8543
7251
2729
6901
7798
5164
6478
4175
903
8569
2039
2045
8486
3341
1497
93
3525
9699
2392
6652
3543
6203
7649
5150
6483
2803
3875
4813
1650
5818
5985
5883
9894
59
5650
3798
7041
9226
7231
8654
4190
3764
5719
9187
3930
8230
3911
2069
7541
9872
800
1077
1176
3615
6265
4862
1269
6991
6804
7080
9824
5854
2278
4478
4872
7792
9684
4929
9947
5126
5766
1308
8642
2464
2239
1507
529
6684
362
9158
7785
247
9882
8334
420
568
9893
5831
7202
2003
7037
2345
3012
8848
4989
7453
9257
2263
9914
1987
1980
9035
991
2672
7590
8641
9575
4415
1896
4292
148
559
3747
5662
690
3317
4973
6423
9693
5097
7083
7574
7325
3384
4189
2130
1744
162
2824
2707
8899
5286
1369
4264
4624
9060
4082
9100
1308
3135
5382
9761
77
9746
7064
8806
7004
4747
6729
4537
1161
5922
9884
3099
5708
1514
1900
120
9867
3874
7943
5408
2980
969
7146
3279
5056
1547
22
3855
1864
1373
2715
5147
6751
6747
6424
4453
3687
5051
4303
3168
8240
9212
7843
5825
1795
4540
6500
8022
8245
6115
8144
5620
7923
2064
6417
6660
725
1391
1361
9347
3503
1018
6806
5255
1218
718
2397
1011
2440
8743
9279
8208
3573
8713
4487
2160
7406
7034
9447
9366
6445
1249
363
8723
207
6073
6114
1710
776
2337
6251
7669
2988
5919
8802
4809
2193
6439
4451
1402
8730
2190
3093
1313
3308
5513
661
4584
7886
8028
7199
4782
8603
9723
9571
6491
6787
191
6512
6229
6296
8411
2228
1414
6579
4816
1031
3494
4692
8404
2493
4973
9689
9265
4656
304
3812
2983
9274
7864
106
3547
1144
7642
5223
846
7300
3460
3400
2026
2337
6247
1510
1805
3030
2762
7032
3143
6928
9509
7440
5396
7404
6695
5074
7529
5837
8749
6205
4382
6899
8000
141
3089
2781
1255
6045
6641
4130
2632
8258
7651
4260
5223
2077
3317
6435
2938
3132
9172
621
229
583
5127
9604
8972
3618
2455
8951
7186
6271
388
2780
3579
4766
7856
3675
6938
4773
3950
4789
3288
2462
9313
3651
2407
6361
7478
1911
4768
1546
995
9454
5340
9964
9507
1510
5608
421
407
7040
9811
6333
8892
2640
2099
5794
6876
5010
2652
3123
8335
5213
4956
3149
4166
4261
156
6435
256
9168
7004
1502
9928
1222
1158
2211
2520
8434
3492
6747
2949
1945
4121
8191
81
4983
7184
9883
2828
2028
6444
8443
6041
6067
7923
3285
6286
5569
6691
347
9139
867
8725
2290
3186
1611
8524
9714
5917
9717
8400
3866
346
7071
6616
4167
2055
4974
5028
8834
1204
1726
3499
4104
1103
8990
7159
6016
3701
9344
6749
9047
2963
8191
2395
4812
1492
3390
3421
2589
399
4197
6235
7204
4336
7097
9918
8818
1521
9189
5543
478
2546
380
2464
9018
553
9334
9925
3374
9960
393
9732
8788
4890
3738
5842
4611
1633
8293
3683
9810
3718
4774
9384
1404
8358
9047
5535
7930
1469
2049
7926
480
4908
5353
217
9339
7976
3510
3739
7602
4314
3500
7829
1829
3995
2407
7852
5020
3080
4175
7800
5336
8175
7803
1886
118
5382
2872
7749
4295
2196
1134
514
8542
7707
6054
9293
8797
6076
8146
6288
1380
8278
9540
336
2080
4038
2493
2365
2002
3421
1206
5198
2512
395
9107
2325
7610
2136
8906
4446
8205
5772
2055
6626
7417
4995
8457
4853
3975
4769
9961
2578
2477
9945
3240
581
6964
4679
9207
2732
3893
6488
1279
8619
2636
851
3765
5630
6227
5607
3354
1198
14
5847
3659
7022
3451
7600
4618
5088
7808
4887
5500
3734
4724
4092
7528
6809
591
5937
8599
8593
2401
6133
8589
7661
1142
1244
8435
7835
9784
7091
6685
83
4216
8933
8433
3332
2386
4910
6111
3693
9688
9714
7291
255
931
9493
4898
646
8196
2231
2552
5355
4312
5292
2222
497
7066
2175
8147
7525
9913
2180
1576
1913
8988
7417
6705
1804
8101
4000
9471
6940
648
5885
777
4799
2425
6329
4544
7003
774
4100
7574
4784
3533
8916
6296
9676
6946
1499
9070
1288
8051
9342
6673
9088
6601
9849
6208
2
5552
2702
7314
3364
4101
3507
4028
4961
2621
9391
8979
8065
1554
4556
5583
3952
983
5341
433
3122
7305
2440
3604
1460
1758
7739
9593
8225
2501
5875
240
9695
9688
9611
1349
3281
5437
8071
1231
5438
8387
7269
4432
9575
2334
1747
2227
4
5447
6185
8430
9553
6625
4251
8530
9216
903
7044
3038
3609
2142
8513
6021
1925
2526
6880
1921
3762
3460
5579
6253
470
8818
5875
5209
2646
2242
1596
5938
6053
6350
5514
482
595
3427
9877
3204
3173
7705
7486
8822
4451
6202
2140
1564
2548
9820
514
8170
7647
9399
6634
1753
3019
2434
1685
7478
6898
6131
1429
3231
4019
6437
2854
7968
6733
7838
3214
6849
5320
6373
3785
9286
3664
1064
2584
9330
1818
9582
1768
2817
8072
4479
8757
7004
3362
1770
6184
1941
9798
6036
2325
6467
2849
868
9617
3762
5345
2348
2255
7796
3419
6671
1933
4597
2916
345
6581
9511
2566
3358
2689
6169
8625
7424
5404
2286
7931
6200
5835
5654
5658
384
5836
3714
1017
7244
2537
3872
763
7272
3276
1932
7864
5725
6763
8637
6364
3358
5526
1798
9519
2280
5746
5614
9684
9536
4459
503
1187
5287
9421
1914
365
5584
7479
3857
3572
7707
225
3497
9438
6567
3844
8737
4065
1710
5152
6916
2697
615
8619
8621
6023
2271
1464
5415
6177
7502
3959
4142
5321
819
7499
1806
4449
79
2073
7438
9890
3866
4307
9264
8876
1627
3846
1798
118
8516
3558
1047
3177
5940
3712
5069
4349
4954
6558
1816
3518
4814
6579
2590
3550
2824
3701
7413
3612
5838
8470
4528
6099
6175
8117
3542
227
9052
1033
2843
5556
2581
5370
9340
9575
4978
7619
5497
9419
4629
1795
9686
4010
7871
5549
292
6768
3946
4867
8501
2152
5027
5060
6190
3582
9379
3923
678
1777
3868
3753
4216
6747
2401
9208
8596
5482
660
9040
6191
9139
6018
4194
5365
4461
4261
8311
4991
7435
402
9936
9307
1537
3753
1305
158
5527
2585
4017
5342
2914
7814
4919
321
5312
8349
1905
629
920
4513
3454
9309
7265
3859
5425
4110
3921
9373
7329
2306
5124
2046
7050
67
3987
2551
9349
1641
5733
9830
2210
5674
206
7864
7809
5811
5700
6237
4630
5766
1993
8298
1805
9451
8058
8892
2064
1551
7734
2201
2399
6516
8409
8225
2761
7240
454
1299
6748
4192
4160
7463
704
5626
840
4794
1875
8027
5090
381
5206
9826
1285
8094
1268
7870
9828
8323
5768
469
3675
8127
2382
6353
2564
8268
5832
8339
2946
9496
5532
2769
1205
379
9703
6315
6800
9848
7997
6598
1777
5639
6427
6129
7094
6181
9519
3351
5130
8520
7135
4772
2672
4037
1562
320
8875
6608
33
2330
8791
5590
8413
2294
3340
5157
430
7877
7962
5055
6503
8723
6179
3714
6534
726
9940
5989
3185
9990
5962
5365
8604
438
3004
1339
8497
5530
1717
9708
1609
7074
2569
524
8657
2897
9071
293
3778
9567
6822
4811
1498
7651
7576
4800
6949
8348
2091
1338
148
7932
7880
5487
7066
8627
6829
2904
7612
3819
3765
9159
8857
7196
7886
7896
3010
4831
3771
9589
7150
2171
6670
7059
8472
8226
1838
6849
4986
1077
9830
2446
4995
9533
2700
3817
8039
9330
2696
9339
8569
4818
1894
2197
5028
1436
9925
1327
1261
3215
8467
4861
1739
455
6654
72
9602
7957
6822
1683
6930
2754
5371
9638
1703
3500
9769
9850
7096
5235
5289
7136
4964
6960
6423
4783
5572
4308
2153
9693
9625
1322
367
2241
5517
7408
8541
5774
4051
2309
6550
3921
7466
6863
649
3495
8299
61
573
2616
7496
7386
3408
8979
439
9486
4432
9267
6692
9500
3868
1389
9962
6755
40
9579
9880
2369
289
5734
2985
1497
5501
1762
5506
1071
9372
9544
9863
1401
6729
9270
2299
3714
5122
9812
5188
7142
1633
756
8777
7815
6269
6556
7151
3434
9697
7744
356
235
8163
8666
7174
6474
9985
4555
2460
7041
4870
704
315
7474
1353
3589
4310
5605
5381
7563
3284
3145
9867
3598
9911
8050
1283
7327
8273
4815
9014
958
6986
7264
5037
6972
3819
4165
2228
6324
1
1052
9338
572
658
8199
3779
9800
1739
7180
9687
4336
989
1443
3904
5974
8375
501
9434
285
7751
4974
59
4760
1387
2614
3712
7858
1094
6860
4489
7365
2492
6197
4181
190
5240
6640
4016
6255
9491
7134
6448
6504
4527
4064
2737
3227
8906
2692
2317
6644
7230
8153
198
655
2204
4940
4834
6064
29
6311
1763
8750
4468
4233
956
4728
5381
5475
2204
711
5987
2444
8824
7066
188
4424
5570
5106
3318
7444
6765
7345
6543
1726
1996
2229
2209
2400
6487
5159
2797
8679
2636
1058
4029
3772
7117
7312
6472
1161
1843
1115
896
3
2873
7751
3539
8669
7705
7762
9143
2806
4290
6651
143
5432
9422
1202
4738
6472
9705
52
7804
7291
2207
9436
8530
2228
8333
8612
5704
8038
5785
2040
9168
3748
2076
5383
5974
630
4347
4779
2918
6616
7131
4147
9530
9014
532
9870
7423
3493
8137
9476
6624
8829
4937
1572
2048
5385
4045
2503
4724
2306
8997
9562
1057
9760
5424
2196
977
1564
8096
7104
3179
1898
5019
7189
4837
9985
3583
56
1977
223
2930
1278
8285
951
1826
5811
4950
6852
2321
8634
5083
8202
7861
4191
6761
8780
9746
9007
780
5394
9414
6657
8432
2202
5388
751
8660
2047
5191
6574
8158
4336
402
5802
3883
4741
8974
8229
9694
2425
434
3387
5743
539
2675
2422
6523
1784
7770
29
2947
9160
9977
5231
1207
1069
299
7753
3307
9088
4068
6962
7440
6712
3436
8393
3555
4994
3078
1387
9096
878
1150
8978
1002
3550
4951
4465
6049
5843
4812
2325
7516
2851
6403
4633
5747
1115
1339
3897
9284
3224
2001
9020
294
4383
5606
9765
6193
3248
7650
7974
5582
6895
3535
2239
1552
6251
9468
1917
7203
2175
5922
9286
4043
9856
4136
4093
3343
5650
7614
7968
9304
8482
6610
3738
2854
8691
711
4717
9151
3183
2338
8590
3984
266
5042
3898
7784
1731
7658
2697
4063
8229
5830
1723
7471
8088
1652
269
8692
3255
8132
2417
8177
576
9831
635
3318
8272
3243
9157
9027
1529
5506
8504
4682
7184
5651
9210
732
2683
7104
7242
8206
2082
5055
1370
7424
1599
5337
3146
5796
1137
6619
6726
4489
6644
3884
2505
9370
7634
4632
8318
5612
1733
7173
9882
7137
4254
5629
2839
1146
4614
4850
4985
7045
4864
8541
8087
3090
7438
2500
6695
3823
9777
5620
3945
7291
7082
5346
6957
9175
1100
2911
9291
7845
400
4967
8278
3706
4899
1488
4835
431
8296
8341
1770
6549
728
1389
2370
2435
4218
2488
2576
6066
1119
6373
2455
2718
7345
4919
7856
6835
9381
6854
2958
9729
5558
1607
9476
9646
3367
5376
497
8147
2177
8055
40
6136
7391
6066
8260
852
9087
3810
9638
2021
5542
8697
8846
1045
377
3474
4807
4243
7471
9946
7525
3904
9533
6194
5804
6842
8189
6024
1045
3746
7429
3669
8924
6441
6078
2425
3055
342
4310
9398
3172
1712
3818
7333
2962
2537
6431
5312
3382
7459
7751
7273
2577
7931
2723
1863
294
8064
8811
9637
9898
1451
9007
9719
6052
3163
1507
2300
1205
2171
3339
9033
6334
4655
5021
8376
1923
81
938
8422
6846
7576
1530
6752
4213
6727
2459
8235
810
3920
8114
5297
4233
3009
7119
2477
6450
9007
7364
7855
5257
7505
381
1668
4219
8945
5307
4742
1478
9276
8149
51
2803
2794
6026
4771
4879
4862
2761
3713
7164
9230
9978
9038
7180
5001
3681
3664
6896
9119
4818
8927
5452
7057
1438
4464
2302
5157
9461
1850
6088
7842
4105
7302
4580
5766
8980
6054
4932
6634
4491
2729
9343
6796
3056
7646
8589
1700
1465
6511
1291
2148
5067
1273
7678
8484
3120
1713
1718
4937
9409
4799
6088
1541
9337
9719
9715
9838
3555
9986
2117
7780
8296
4720
9479
290
6981
8501
4262
3055
3953
7321
5912
1507
858
533
8914
3755
2315
9321
1265
2115
2005
5212
765
1277
9014
9661
8454
2976
6550
4807
919
7436
651
2125
7084
5700
8058
1472
7103
6431
1080
2948
4608
1327
2710
6507
1669
8266
4912
5387
5037
8839
9153
7864
1679
487
4136
1001
7880
3869
9979
1647
2461
8362
4604
1925
9119
4294
5137
8423
6019
7069
2903
5990
4357
3845
4981
3507
9832
1272
8925
9745
748
810
7195
4141
4522
3754
6223
5769
97
1831
9910
6947
1037
2807
7108
9471
9214
5243
2852
3163
5611
3870
1587
7856
2791
3052
8464
8898
8542
8886
5664
5216
8554
5925
4158
2330
5512
8457
6598
2603
970
6744
1565
4007
3520
4478
6136
4876
4813
7186
8315
8051
4497
7379
5906
7760
331
9357
2148
257
6475
9397
2833
7987
6379
8404
6265
145
7638
7689
2389
1062
6202
3632
1137
6080
5714
3460
9751
6673
451
776
2523
4824
7791
3444
2998
9371
5517
7816
2614
1953
2949
1341
9642
4054
9786
9909
3703
8631
3843
7125
8378
4456
6341
3344
6038
275
8416
7610
5029
8389
111
4804
1879
3625
8996
4744
2054
8302
6855
3713
6563
4542
3101
6156
3142
872
1385
2554
1469
1502
1026
2660
4209
9745
3635
8761
940
95
7828
6619
1750
2163
9226
7692
8172
576
9227
8546
8135
4097
9318
8968
322
6311
1964
4547
4293
4706
4893
2561
6249
1529
2398
154
8382
6793
9097
2389
4760
1392
111
7597
8368
1878
8766
5694
486
6332
5110
7417
7504
5327
5019
6508
5736
4520
9876
1985
3085
8969
8788
2306
2701
4924
5124
3847
1578
441
6263
1500
8848
486
9447
6643
5364
115
1964
4441
27
9154
4406
8221
499
8491
3490
396
8312
7631
934
2430
3668
3425
8336
1575
4610
8086
3152
9028
5267
7891
5042
3463
9277
7891
2813
549
6574
4341
9970
5379
557
2027
5037
5024
7877
7792
734
1104
5588
7406
2324
156
3370
2029
4897
3528
4937
5526
6354
9568
5092
4056
7240
500
1263
7132
8218
7167
292
3442
6716
7302
8690
5823
2078
6433
8453
3093
1173
3709
494
1487
94
6930
2577
4476
6605
9775
4881
5469
5061
8407
7754
8277
3595
7888
4318
8702
1113
4609
5871
3858
9091
8026
9245
7858
1353
5732
709
3584
1355
3972
4917
6759
7915
5866
3281
9786
6034
9881
1070
7511
2765
9992
3925
6234
5030
8757
3430
997
2501
3681
7469
3868
7407
9054
9960
9683
3478
2394
3995
751
6657
8960
3227
7860
6331
6394
7830
9821
8669
4798
3105
6974
8056
9372
5798
6941
3598
1845
1915
6354
5978
2626
5474
6672
6393
5919
771
4943
1352
3315
2503
5299
591
8073
8987
7644
5533
7754
6667
1730
4398
9937
4800
8366
1040
9607
5526
3848
7964
1714
6291
6842
5647
4348
9790
616
1718
4547
3138
919
5082
6134
5195
8177
796
3461
8514
2147
4500
815
5911
2130
5137
2969
8668
2997
5603
8213
3761
6331
6158
5726
4938
9841
5163
7653
9609
2971
2406
8467
7513
8715
5506
8462
624
5616
862
2795
5866
5049
8573
8279
6355
8608
7846
8341
8978
6154
8992
4180
4837
7855
4104
2275
2027
1216
6989
416
5557
6099
9843
5712
2735
3014
9605
7598
8673
3610
5131
5044
5555
5135
6960
1136
5492
9830
1771
1195
1777
3014
4
897
7754
42
8415
7424
3597
9784
7981
9879
4037
8868
4755
2142
4154
3221
4966
9269
4597
2996
200
3294
536
7684
2156
3453
3961
3753
1773
2474
5853
2920
1970
8224
5490
4881
2129
6922
2735
5699
673
4777
3820
253
8792
5462
3878
6958
8694
7944
4168
7016
6176
5580
5488
3781
480
9657
7323
3288
8702
4797
3206
7455
921
4465
6261
4396
4482
949
221
8173
7949
9062
6892
3343
9475
9977
278
9962
1221
302
8791
5743
3177
4510
5205
476
7381
661
9236
9688
6765
2423
4835
1529
4257
2556
1688
9224
1796
4844
2184
8077
7576
5311
1743
9126
6664
7622
9860
6592
7380
1536
5706
6973
9937
3571
984
4180
86
9851
625
7102
7699
1990
450
8119
1503
6083
8281
6466
5088
2179
3738
5807
4053
1011
7617
1224
2171
776
3965
7139
9721
5315
4001
1200
1682
692
7763
3988
7217
7111
2027
1677
7216
1795
6553
9234
1305
3088
8228
4756
6298
892
3044
3190
346
3499
7786
9748
4219
5533
1394
2677
6569
4210
3369
3310
1761
2068
1546
9325
7708
4771
2689
7029
3504
5005
5382
932
1258
722
3160
5724
9127
4834
8318
32
8072
3741
787
9586
6514
9559
1218
8976
4779
9279
6900
320
8195
4925
6224
5965
5696
9373
2318
4190
1835
9870
4600
5088
6522
4605
6780
2620
6127
6378
8951
6890
5331
6898
5766
1149
9863
8371
8484
4466
8281
9879
2085
1651
450
2957
8429
6280
7330
3093
6716
4742
4855
4643
463
7469
2717
4117
7613
4607
526
2016
9021
4453
1845
5885
8230
6547
2009
1582
4145
6420
9477
6980
8680
7130
3317
882
6705
616
3223
8012
1167
9767
2759
1382
1794
718
9902
4243
3597
1123
148
5288
9237
1772
2997
6976
3411
7595
8204
3498
6269
1655
7127
8562
4007
6917
6288
8469
8617
6351
8155
2173
2231
4046
2035
3409
6011
1580
30
8343
6303
7429
2233
6846
5603
2491
1217
1212
3530
4519
245
6386
4817
9125
6702
7329
679
70
8944
899
1803
9361
5118
1338
5546
8770
613
3050
4829
7647
5924
3232
8200
9994
8150
3235
5644
6688
4617
5931
3604
6375
8047
3724
869
3196
9464
4456
1751
4814
4388
2662
9869
7868
6290
5752
6673
3223
9358
4730
4873
7316
2300
1933
2891
7155
3789
7265
9107
3954
209
5857
8928
2234
2343
9725
8123
2077
920
7353
8731
8140
7727
877
7526
7676
7421
6688
22
474
3795
3953
9541
911
9085
5015
7997
1725
5350
304
1539
6106
9086
2652
4206
9781
5419
2638
3263
3247
9087
9891
5231
6136
3342
3587
5360
4071
8413
5315
9292
1595
3403
3627
7251
3071
9172
9860
1740
3743
1269
6567
7038
6272
1175
4137
9002
2101
5600
1577
6631
4938
1968
8420
521
3018
8798
8086
415
6549
2621
9786
3340
4872
9849
4826
6471
6262
9002
9031
3336
1863
4787
4735
1926
6867
9046
9659
9648
6889
7247
1048
6452
5674
9103
333
8993
9943
1279
6827
669
8523
996
4110
8670
9001
4875
2956
2574
2420
3840
2530
1701
8775
8214
6437
7209
7937
1761
832
2812
9333
4886
8741
790
9849
777
5093
7372
6908
5303
3005
9551
9066
5349
1163
3421
2771
5342
3635
9238
9902
8126
8295
705
2827
7784
1189
9901
5821
2721
289
8521
1151
8429
9909
5390
6136
6963
8376
631
7244
5072
1394
8897
9090
9340
4930
4266
929
9395
5146
1929
4305
8836
7982
2924
1969
2462
5423
4382
1981
920
6176
5694
7595
7082
805
4284
7470
1852
9595
1318
205
8877
6181
552
1785
9177
2993
5079
714
2125
9398
9974
4413
7031
6370
8570
718
2017
7966
3539
5331
2583
3816
6137
2002
1357
6549
2227
2652
6421
7601
9400
6240
4614
7022
2155
2561
26
4550
5349
4075
5007
8447
967
2867
894
9817
4232
8752
4650
4281
121
7941
3542
9593
1059
1420
2744
2596
3519
2206
7966
4738
4975
70
9684
671
979
5820
709
6013
4333
1216
9034
3408
3651
2105
1646
9835
9863
359
6835
9150
6514
6875
434
1519
6742
8120
8043
1242
5199
1722
814
3866
2433
3157
4261
1093
1027
473
1529
608
3956
379
6289
4381
1881
963
703
8810
8116
8313
778
5998
6325
1341
6945
1874
6448
7079
9387
9525
2728
8735
7529
8722
1363
3826
341
7293
9004
4643
7704
7050
1984
8534
8641
1321
8886
8860
5249
7291
9387
898
5348
9163
9264
8449
9367
6491
9390
4722
5890
4648
9809
4692
9591
4565
335
2815
1145
623
5745
3967
3223
3201
7832
3074
6341
9745
1494
4180
6092
3637
4830
2316
449
6679
2883
6386
631
7654
5542
7534
1339
6779
2789
9315
3461
2276
7785
4112
2250
8610
868
1426
3917
7884
5222
9673
7300
6812
9484
9036
8011
7866
3068
7803
7810
2911
9985
5906
4068
1576
9788
8010
1241
1614
935
449
8389
8134
3032
8449
4812
218
5474
9788
9664
3041
3732
4123
2261
9587
5357
2825
9643
660
31
2941
5354
5740
3802
4314
7172
6644
9655
1807
2104
8638
6019
4354
9183
8880
8719
6167
7364
5803
21
5938
4828
6277
1851
1815
6920
3339
4651
421
8646
5795
7988
779
8858
1394
7498
7688
9700
8881
5794
9350
397
6740
3595
7650
8448
5216
7668
287
5817
1403
1766
4508
6267
2110
7034
9912
7109
3436
8162
9721
6852
5835
9397
6877
4737
4383
5717
4646
8665
4862
1731
4387
2390
2230
443
2060
35
9029
5065
5118
9021
746
7563
9593
6412
1087
9009
330
675
2006
8281
1470
3725
2198
5970
6085
3859
2380
562
1046
1839
2887
7630
9873
8902
4081
1395
7773
1884
8647
8232
2285
2375
3671
3781
8880
4437
9372
528
7069
5436
3600
5937
8427
3748
6933
3183
4315
7116
1347
8347
4895
475
9294
995
2266
1045
8376
2867
487
2678
6204
1787
4685
4226
4444
8941
9507
5406
5007
2658
2760
6345
2268
9236
4819
6546
7509
1568
345
287
2015
4913
224
4253
1110
468
5569
8892
1751
1334
9222
7008
7546
6000
9899
8146
600
3205
1205
1127
2209
482
4418
5245
4467
6698
1083
9641
867
3024
2140
1922
1260
6704
995
7604
287
8696
338
8318
8542
21
4089
4304
2100
359
2514
297
1137
8916
2487
3799
5994
6222
5480
2850
6494
7535
6153
3533
4381
8390
2699
5815
3346
8960
8586
7180
4874
6402
8330
6477
8279
5734
6183
9477
2333
1070
5170
8503
6318
8473
5044
7437
7258
4698
2110
8002
4562
7094
2711
7366
5487
4585
8860
5732
4196
5859
5766
9079
765
9189
6341
7522
7963
1273
4298
501
5063
3273
5453
9972
3739
4295
2368
9094
2466
1635
5404
6810
8696
9522
2668
6404
1465
1887
2524
1441
8389
9445
321
5195
6492
2583
2967
2297
7071
5521
2933
7130
9228
7103
2725
3372
5544
7843
4309
947
6539
188
1303
1871
8155
9245
9542
6621
894
9588
3999
5908
1563
5871
1560
6203
7193
6451
6708
4017
4272
7796
5763
3709
1142
2198
8455
8886
1531
3733
9980
5173
1260
8395
1567
943
2565
7192
3660
9287
865
8592
8978
8195
8650
9520
7837
6338
9535
6817
9279
6600
8974
7715
9807
5091
6393
872
8162
3972
855
4487
9018
6517
911
2315
221
5415
551
7885
6659
6534
168
2064
1543
7649
4721
910
3226
4355
8746
578
8379
5637
5532
9311
283
3673
9097
5103
3317
3705
1206
8840
1293
511
888
9876
9538
2824
7636
6978
2150
1685
4965
5607
1931
7590
6725
2973
8746
1762
2337
7829
2068
9567
1304
7330
7622
6005
3349
4014
8741
2080
8849
5478
3952
7725
370
6244
7554
5798
6266
6299
876
8223
2746
6397
1277
4039
3867
6162
488
8904
6968
7956
9246
9493
2559
1507
9970
8912
3434
9423
1942
2457
6347
7529
6626
8199
9696
1723
6324
4191
9324
560
5500
1429
7641
9158
7140
3443
8539
3157
5609
5597
9514
3739
7975
5675
5664
2718
5831
1001
4548
9680
6417
7288
4258
7929
5682
5799
2168
4137
5263
2317
4229
5504
1823
9131
7994
1361
1602
3650
4087
1610
3273
9054
2260
5771
7838
2549
4269
9606
5768
7276
6569
989
3556
2874
8617
6939
7956
5670
3643
3245
1530
2619
1394
4574
7028
6305
8552
3334
2034
4197
4072
5430
8395
2223
8824
3766
1671
2199
5515
9283
9746
7637
8663
3504
7474
3397
5902
4743
5536
7807
5046
3854
4123
8577
5105
933
5656
2603
8927
2999
931
5894
7087
9362
3461
2434
7566
9766
4549
7956
4377
558
5009
4929
544
9152
6232
1427
380
816
6467
2825
474
8628
7073
6533
7276
7348
6198
1896
1448
3929
511
9269
4445
9004
903
3770
5051
5444
7507
7040
6502
6691
6170
8899
9268
8201
9585
518
3747
9506
7975
3641
7300
8755
9913
608
7989
6284
2632
80
2684
5914
2998
6035
1330
8044
2708
1768
9818
3855
6017
8033
4250
5053
5182
5093
8743
1744
1313
3688
5563
6815
6820
6323
7515
5713
7478
8667
7399
4001
9500
1378
5325
8594
93
4681
3494
6760
3546
6246
8980
2638
1015
8294
9570
3870
7839
7694
5430
4640
106
4875
971
451
1854
4908
4777
6732
1834
8816
1794
9553
4623
4160
7438
7796
7026
345
4726
2654
8556
5944
8719
1134
1269
7251
708
7712
6164
7319
2074
7016
1475
4822
4906
3774
9067
4584
9483
6528
9630
3217
9094
7722
6538
3453
68
4131
1669
8019
2254
1349
5623
4977
9497
5503
3987
7071
6828
9326
8021
8878
3023
4908
1187
7372
87
7915
121
5634
9105
2065
9031
7005
4158
6765
8801
805
5845
8451
2150
8540
1009
6766
8602
4976
1256
5168
6024
7620
6218
7058
924
2215
5506
6776
7257
7267
9287
9476
1192
2129
4424
8530
7290
9864
1470
7343
19
6882
3587
3781
8345
3803
3810
8941
636
2896
1038
1844
1290
1408
7767
1836
9846
5312
6074
1525
1811
6383
4422
2777
6163
4315
2539
4445
9221
8471
9163
2426
3568
3499
1624
286
5524
4662
3608
9481
962
360
2830
8279
1322
2811
8644
5721
6815
6126
1694
4668
8917
5398
1833
9937
3781
4510
7013
3127
8635
6196
7443
8293
3573
3368
912
1952
9046
1415
6905
1446
2745
4248
5915
3837
6666
5327
8561
3641
5094
7096
9194
7923
9976
623
1688
2212
936
7058
8649
1469
2067
456
3546
7139
1950
5758
9774
7421
8924
4978
4499
1897
9374
3674
5997
7219
2266
2588
9546
5356
3014
6871
4926
6760
257
347
8893
9708
9714
1164
1716
604
8836
2230
2137
1750
5922
9828
3955
7025
5289
3091
4717
9105
5450
4531
266
532
937
8832
8271
5063
4621
8239
8435
6654
1113
3056
6690
4901
3892
8439
9566
2227
3225
5609
8662
7329
8735
2119
6764
3183
7594
3444
3025
1891
3914
4088
648
3212
8679
989
7288
5722
3274
2534
8906
6390
5086
3559
9103
273
792
9322
6001
8046
5718
4577
9482
4859
2579
2674
6377
5063
1634
5330
3252
2873
5037
1908
8339
9866
2191
3188
8084
3321
4529
203
5494
7983
5332
7089
4716
7201
4384
7568
9112
6861
5928
6265
8912
6268
1367
8768
6692
9575
258
3889
7006
8449
7411
9092
9087
9751
1242
8357
483
3567
218
858
1766
6227
4285
3146
3915
7680
2868
3043
1731
4764
356
7227
7932
4743
1551
1806
1175
9956
5646
251
3771
257
5978
3299
2465
8257
5878
5100
4991
2076
9584
645
5157
3092
7193
9793
9483
2957
5461
7078
3887
8318
7071
9034
3612
956
8380
7920
8468
3164
2476
1309
7368
2317
6889
1275
8042
3331
1429
3886
2059
8216
9181
111
6103
1000
6580
4758
3088
2980
9437
9250
7842
3455
815
2610
4123
934
6825
8848
8740
4013
4267
396
8119
807
6428
6190
330
564
2230
9310
8347
7852
5049
9284
5994
6722
8271
7014
9499
3022
3757
6655
5302
9752
9936
6173
1553
3504
6301
2435
8966
1895
2008
9009
7810
4057
8040
4340
4750
3479
7908
5111
628
4841
6171
7067
9467
9695
6768
9244
7812
1518
2529
2348
3929
4417
9564
2759
942
2767
7325
2728
6289
8435
6253
8094
5962
1309
3960
9630
4313
3025
1266
2357
6925
3245
4183
3322
5969
3810
1207
2436
5795
9961
2376
5524
568
5724
2060
2634
1366
827
8936
4705
8956
2765
2500
9222
9876
5203
9413
3125
7806
6888
9245
2670
6325
3235
7908
8342
3907
876
7231
2148
3067
6166
7418
8284
7432
5588
7234
5565
1301
750
7851
1792
615
340
3789
1276
5831
9876
3927
1929
2901
4713
9616
1952
4722
8036
9884
3747
9587
1898
1059
2755
4099
6216
5578
1136
9028
6611
2301
7669
643
2920
4068
1163
5845
8985
8016
1170
8428
8743
7914
7391
7504
2904
9002
2447
966
7857
2435
9085
7703
7398
902
2933
1942
6119
3182
1046
9078
2676
9666
9107
4751
2431
1801
7016
2648
778
846
9477
8151
3462
3315
4437
7055
1691
1152
7424
8990
8178
6157
2314
7419
608
7501
2953
1619
2459
7601
9119
5374
4124
136
3706
4090
9433
4227
6866
4662
834
2003
5554
8595
3645
6304
3974
6986
1669
295
5321
7112
8685
2505
390
5601
1248
6632
7613
3931
915
4684
1105
1305
6516
9584
9834
2044
4157
2859
891
1781
3749
9330
1439
2739
2517
9428
3350
9399
1111
4066
8985
5783
2951
9048
7463
5939
1962
7519
5905
1968
2641
7819
3444
7791
8259
2391
3402
9218
7408
5436
9300
8835
6414
2905
2605
7883
4808
7688
7638
4918
2133
5697
3069
9847
34
1484
4331
3805
5670
801
1456
2985
3870
9593
7811
5892
9355
4259
1230
8639
7856
5555
7938
4679
2515
5628
6451
5808
9819
7420
1100
7373
4814
4006
8694
2501
6569
6024
1143
1755
5751
6301
3896
8378
5687
3909
8428
1094
7465
411
9946
2013
2444
4004
8017
4176
5772
1714
1695
7623
3723
6510
465
7742
3206
8020
2286
1222
9103
3369
3379
7907
4326
1518
6225
7917
6117
2898
6403
4476
8027
6377
1064
6757
4552
2577
9095
7326
8225
5793
5785
6299
8897
2829
9820
8904
5226
4430
8764
7507
9041
5476
9199
5412
92
4804
1291
211
5062
3244
3759
6021
4468
9168
1110
373
9584
662
5099
1891
9319
7417
1110
5791
842
1974
8749
9515
8133
7348
4516
4312
1075
6467
2607
5719
1038
8034
6188
8382
1448
7136
2082
5287
1517
2201
701
3514
3244
3096
6339
4566
651
303
1151
5178
9554
8286
2788
3282
8128
4144
8760
4825
8988
7374
9765
6139
7986
5037
9755
8950
4085
5481
6788
8224
3435
7558
9717
3534
3550
9532
3246
339
2332
6371
4519
2411
8841
8948
6691
5301
4428
8022
5750
2326
8131
4003
3284
6188
4119
5956
6598
9884
1666
1344
6374
3902
8958
4538
9958
181
242
9509
9793
813
7761
3062
2452
8185
3445
3574
692
8377
8604
4409
326
1765
8500
7539
3974
8274
1197
4039
3860
163
6416
244
8840
4557
9796
9090
6349
568
6718
1338
7041
9618
1230
9243
8400
6116
7361
3962
4382
2084
1111
4299
4395
2217
141
6285
1986
5479
337
4210
3224
2091
6785
9574
8517
300
224
13
9891
6255
2344
4904
5348
3577
6217
676
6393
2959
7983
919
1967
4072
2810
7283
33
1453
7587
1076
4678
7183
344
2710
4960
8169
8736
3286
5465
664
2151
7121
9486
5624
1983
9787
7509
2768
6136
1159
2424
6692
9614
4089
9944
6688
4710
560
1224
3507
9838
7324
9255
8390
5166
1061
3993
477
8925
4331
5099
7968
8198
5629
2743
4533
7657
9152
6449
9892
8547
3191
7969
5596
6683
8036
5513
4251
5022
6312
2335
2630
3154
2055
4625
2386
2041
7862
4844
9367
4192
2604
5162
2946
7025
7530
9559
5529
2269
7894
8526
8089
238
8572
2067
553
5424
3210
1280
6211
711
2056
9502
2321
6544
8084
9150
6449
9912
5098
6325
6078
1304
5444
9215
1729
7144
5752
6488
8289
209
5866
5585
3704
8617
3319
1392
6490
6543
8120
8075
939
9780
8405
6475
1271
3681
7335
9528
5474
4887
7348
8703
2010
4684
6956
3943
4617
9260
439
3676
183
9732
5293
1156
7343
6909
5355
2722
5117
6198
6664
5767
3973
6628
3734
1999
3201
3974
8750
1286
978
6483
7808
9537
4243
2123
3364
7814
4198
4823
9982
4997
1678
8563
9692
321
9124
4815
9747
5951
1916
1187
3893
1105
2702
338
816
1608
1809
7028
392
1397
9200
8543
8529
3097
6396
471
3762
7954
1960
5715
27
8997
6693
4700
3139
4727
3771
823
7021
5989
3798
376
819
9873
4069
1061
4724
8966
7252
9577
5210
5587
6938
1135
4926
5109
2372
4858
8728
2659
9882
4309
9875
7121
3701
713
2007
8707
6096
5006
9883
5747
1520
7956
5508
430
1855
2309
3680
1132
6855
9253
9625
9297
9790
5602
725
5700
4610
7969
5480
2090
6918
6332
4573
2831
7380
6806
1146
5163
1172
2012
4927
3067
5399
5812
128
7140
1746
5459
2562
1626
9846
8180
6387
434
1764
1546
6047
762
9329
6885
1195
7543
8009
9441
3691
9541
9920
8662
1187
18
6205
81
3627
995
2195
426
1826
4011
9845
9920
8045
2673
8972
4053
8885
3261
8237
1700
3345
7156
4588
2339
2393
7122
8444
4734
5867
9669
5387
524
6817
3214
1648
1215
2011
5611
3700
5839
2946
9788
4326
4824
3433
4899
9965
1812
8548
3189
8938
7922
2781
8259
488
5688
4393
864
5633
7604
2112
7191
2183
6487
3872
1679
6135
1583
1094
930
2434
7907
7096
9334
8054
686
4912
7723
4843
9123
6417
8168
8296
9636
1664
5821
4151
7736
2404
8514
5287
4487
9400
4136
7609
7219
8899
3207
3658
2630
3673
4678
4351
4771
4114
3809
5492
4404
571
1634
657
5853
8070
6434
2080
2333
5774
4442
2311
4653
5322
5147
1350
442
2135
159
8954
9885
2617
4444
745
6447
6638
2613
2543
4684
9274
5739
3675
8421
4317
3128
2409
5885
9757
8265
5190
4289
8885
3162
9258
8177
7066
2480
1265
1350
9966
9493
3613
1020
6413
6475
5999
562
6419
3294
3540
4735
5266
7372
5958
3502
5762
2314
1461
2457
6346
7407
4639
5576
2036
9778
2982
5884
8093
5851
8138
5007
4840
5435
7241
3618
3945
3182
2827
5838
5654
5608
4379
1663
4510
2964
833
3625
4739
6787
8863
1561
8444
2019
8647
3944
9961
2172
3279
6116
9064
2787
7186
1546
4564
5893
2371
3447
1748
216
1142
2646
8777
5450
8768
8447
8324
8881
850
1440
4709
2361
64
562
1062
1263
4478
3372
5675
7403
7912
5132
5515
5921
8224
7234
496
4390
4650
8740
652
5755
9683
9532
4950
8712
5984
5710
6432
7710
2872
273
3852
3035
3652
4526
6325
9073
7436
8756
2286
6491
5230
4843
336
2251
5037
9268
4844
5260
2083
2857
693
6686
9428
6759
9640
1320
8420
2942
8425
1672
1721
2952
5796
4957
5676
4568
2821
4124
1534
3188
5937
3578
698
3154
6547
2572
1032
6182
2182
4654
2098
4293
1437
681
8752
402
2192
377
5666
4883
1739
678
4050
2877
7815
7461
9053
1424
9393
5192
1531
6683
8576
2121
1825
5265
1497
6211
3351
7531
1124
3828
7097
6603
6599
994
6489
3472
7674
414
8149
1248
7722
4494
1392
2798
2078
4139
8562
2935
2499
1258
6369
5696
4892
848
9979
7670
7452
4192
6248
9986
4481
8196
6031
771
2370
3
5934
2959
6303
7347
2368
1303
3505
8063
7784
2564
3450
8736
1548
2285
8189
7418
4102
225
3219
1564
9996
1232
4299
8840
3215
8312
4464
7544
5024
8875
6129
1806
3452
755
3039
994
9967
2872
9902
9750
2845
3536
4941
5641
7129
2838
4623
1309
9094
9914
983
3222
6111
4359
5213
8272
7515
8808
8993
3457
6643
3103
944
9151
2487
2316
6460
9899
6943
1716
1793
5542
76
9968
1278
4094
4826
8329
1528
6169
6012
4620
873
6552
675
6878
6037
2373
6206
9222
4174
7382
9952
5003
6119
1540
1231
2373
9532
2405
4455
68
7601
3102
3399
2360
2465
928
7703
3147
8065
7080
6065
7378
6233
7049
9654
9571
945
5670
228
4369
5445
7449
5201
4926
3146
5122
12
3586
4906
2297
6921
794
3367
3842
4984
1978
6672
7278
970
8478
3752
8411
8741
502
9456
4223
7163
9206
3417
1305
8867
7298
2376
5437
1444
6612
4410
3631
8000
9064
3172
3731
9118
9907
1611
2027
4306
828
9873
311
6810
5398
8411
3969
6909
7537
2866
9554
640
880
6890
5715
2681
8121
2083
6093
6081
5686
8184
6203
6843
7707
129
7359
4136
2392
9539
6979
4354
1136
2312
1269
2950
2353
4767
4884
5295
3824
8576
1993
1610
9606
3907
4112
3920
1458
4132
4814
2918
4363
9045
4355
7335
1518
6216
1109
5837
5656
5585
5344
9450
8114
7788
6746
2607
3001
1872
0
5166
8073
8371
8322
5776
5752
5020
7176
111
927
2201
8037
9655
1315
3980
4588
7972
5188
265
7318
4407
7841
4668
9588
2681
2482
4138
3022
807
3706
1911
3811
3022
2728
2778
9592
9982
9632
9474
875
8098
9597
4379
8571
8178
2870
3349
5766
7171
6419
6737
3800
9646
8805
8905
423
465
5806
8921
6505
8280
3219
7269
2411
7431
8362
7202
4791
5732
9842
9633
6313
8221
1875
1535
1600
9821
3380
1162
3412
2056
6203
6206
8471
7264
3464
7281
5306
8909
6535
7434
4940
5777
4000
4327
5503
6182
7794
5620
15
6415
5112
5521
9242
7841
5638
5307
8864
8346
1316
4234
6276
4181
7873
5622
2298
8911
1665
3302
730
966
6063
6243
6393
6094
6821
7892
9831
784
7479
1664
8911
6187
771
3399
7888
8254
1890
1683
32
7282
7722
8839
6251
2938
5547
7835
985
1316
8191
5419
5581
9565
8452
4323
5581
397
1371
5022
3990
5325
5955
864
3724
1174
7416
695
3679
2390
1063
103
3409
5203
1367
6735
6782
7700
1978
5061
6731
5558
256
3961
240
8883
8266
5578
6991
1771
8220
5938
8787
950
880
7492
8183
7668
8098
7876
8698
7475
9036
6530
6962
9819
3980
2113
8637
7250
3548
8254
9908
3608
1668
7492
5312
602
2394
810
3354
436
5839
3646
9105
4199
2266
1818
5899
2365
6411
9944
8446
4651
8160
9908
3597
6865
5261
2805
1083
5506
684
7748
6833
7339
5602
586
1673
337
9807
4042
6161
9377
8635
6572
7752
5154
8544
5860
7841
8895
4548
9452
8656
6891
6644
8308
1276
5370
4668
8008
93
9898
4616
1931
6955
7867
540
1781
4126
4296
3809
7637
1425
1689
9578
4123
5250
4035
3727
8793
2225
2376
5878
5153
8410
9873
5157
