295
567
413
301
48
900
880
322
757
203
471
985
559
589
350
876
165
537
741
94
969
465
681
7
935
885
217
444
654
408
693
220
263
75
309
385
387
518
527
273
774
258
451
983
738
223
887
580
158
228
137
788
743
113
677
803
322
945
129
580
5
624
354
465
750
772
701
460
335
471
686
22
417
839
56
842
742
734
703
851
435
10
631
540
404
98
178
794
198
224
642
500
820
495
576
909
468
982
466
334
82
206
663
710
716
11
966
35
753
976
817
309
629
310
851
760
644
310
935
783
437
386
157
754
838
469
203
410
760
359
949
261
230
665
770
846
464
855
82
210
135
803
346
269
839
512
846
496
482
466
390
489
280
236
964
13
76
496
222
295
763
377
336
245
674
184
953
744
828
66
626
980
70
27
670
788
225
319
204
223
490
836
44
510
2
144
637
255
269
414
245
716
961
155
400
956
28
611
395
32
444
260
769
986
973
23
869
967
261
22
169
84
904
190
366
176
252
373
548
963
876
286
801
228
526
631
959
554
435
477
723
124
817
754
35
998
568
280
410
456
162
921
126
197
616
946
303
283
952
65
305
897
192
595
721
824
669
544
559
89
271
189
291
543
119
604
147
765
167
910
807
328
972
634
68
42
715
233
120
678
561
472
789
835
396
77
724
580
858
78
684
514
807
398
623
777
707
656
719
326
929
878
994
425
8
367
850
374
108
491
300
402
254
345
223
978
351
536
202
323
271
452
583
731
465
49
549
761
504
64
12
934
137
767
764
898
780
87
317
272
759
798
549
693
460
464
440
86
514
835
678
836
270
701
927
986
63
399
613
354
121
893
261
732
835
421
239
444
6
189
791
863
503
43
664
581
544
811
294
76
169
952
194
31
519
99
155
850
969
592
670
189
40
508
60
580
78
770
103
779
99
29
561
881
646
356
976
777
42
629
135
810
604
503
975
244
678
820
837
577
742
1
620
622
171
72
282
222
378
535
860
682
837
405
100
457
584
992
730
419
239
761
938
913
439
687
742
979
251
368
791
36
247
933
598
134
247
314
892
821
671
792
95
147
880
836
648
201
670
223
646
664
645
29
994
777
551
698
192
670
343
666
410
701
755
403
187
877
956
852
830
201
985
733
171
784
35
837
464
745
718
112
640
398
371
991
568
870
859
624
922
27
193
408
474
68
208
440
748
891
593
451
711
53
355
329
855
915
811
938
213
371
843
49
68
533
752
924
559
30
821
461
430
901
429
406
180
252
163
925
910
809
996
927
979
351
397
491
683
645
471
502
975
304
783
471
65
669
127
28
136
332
689
946
966
256
601
49
983
486
452
608
28
554
50
968
271
32
955
725
470
112
197
798
215
178
146
887
500
327
574
62
417
318
244
703
727
495
739
112
954
763
247
801
63
37
592
202
989
336
383
823
75
724
475
354
677
219
646
361
78
380
422
469
358
460
499
423
438
866
48
14
896
430
311
687
587
271
934
36
988
195
501
224
148
198
296
551
740
476
3
590
100
673
316
45
546
600
381
835
370
946
682
891
846
830
856
392
82
584
563
798
704
761
261
987
190
155
434
168
68
56
371
228
235
564
196
846
488
690
928
140
568
48
8
669
770
242
196
186
801
360
338
550
144
289
442
457
997
175
101
388
972
545
954
371
857
281
354
98
544
977
925
942
853
965
601
604
225
942
232
285
219
428
380
989
265
603
396
440
960
212
915
718
69
633
92
433
154
783
893
837
185
55
586
745
724
78
564
491
733
451
661
71
363
518
218
296
358
485
222
868
940
37
133
275
455
282
796
291
966
29
520
753
153
740
969
322
224
745
305
853
881
331
119
392
239
131
2
469
986
940
396
941
860
172
621
21
757
187
65
739
613
803
625
894
286
437
489
151
608
189
91
738
347
469
835
712
294
131
65
801
646
917
220
412
935
277
637
419
655
572
854
838
402
63
764
278
30
697
532
251
850
816
225
798
114
501
450
41
303
631
75
402
984
178
536
254
381
366
653
788
827
50
126
542
631
350
909
479
285
427
183
118
7
213
472
13
417
866
668
967
872
141
106
862
783
208
870
973
543
765
813
408
488
527
789
0
576
344
522
54
435
205
298
642
276
270
179
190
896
545
643
44
398
464
644
422
347
822
928
918
590
111
946
599
844
294
233
382
934
827
80
314
189
242
164
62
356
585
223
795
15
634
355
955
69
385
138
160
892
127
504
199
331
578
318
193
986
966
957
856
660
144
692
587
786
721
664
94
299
640
172
401
772
320
290
610
179
709
